1)
  GT (m)    MEAN (m)    BIAS (m)        VAR (m^2)    SIGMA (m)
    0.50        0.30       0.20          0.00027        0.016
    0.75        0.56       0.19          0.00024        0.015
    1.00        0.89       0.11          0.00028        0.016
    1.25        1.09       0.16          0.00028        0.017
    1.50        1.35       0.15          0.00028        0.017
    2.00        1.85       0.15          0.00029        0.017
    2.50        2.19       0.31          0.00070        0.026

2)
  GT (m)    MEAN (m)    BIAS (m)        VAR (m^2)    SIGMA (m)
    0.50        0.36       0.14          0.00032        0.018
    0.75        0.57       0.18          0.00027        0.016
    1.00        0.86       0.14          0.00026        0.016
    1.25        1.09       0.16          0.00048        0.022
    1.50        1.41       0.09          0.00019        0.014
    2.00        1.95       0.05          0.00027        0.016
    2.50        2.55      -0.05          0.00094        0.031

3)
  GT (m)    MEAN (m)    BIAS (m)        VAR (m^2)    SIGMA (m)
    0.50        0.25       0.25          0.00032        0.017
    0.75        0.57       0.18          0.00056        0.023
    1.00        0.86       0.14          0.00025        0.016
    1.25        1.16       0.09          0.00024        0.015
    1.50        1.28       0.22          0.00018        0.013
    1.75        1.55       0.20          0.00034        0.018
    2.00        1.87       0.13          0.00031        0.018
    2.25        2.03       0.22          0.00049        0.022
    2.50        2.26       0.24          0.00033        0.018
    3.65        3.48       0.17          0.00033        0.018



#####################################################################

1-2: 1.88
2-3: 3.70
3-4: 1.80
4-1: 3.74
2-4: 4.08
1-3: 4.19

#####################################################################

  1                                                                         2


                                            A


                                                                 B
                  C





                                            D

                                                                      E




          F



                                                       G



                                                                            H


                                            I


              4                                                                             3

A: 1.07 1.11 3.29 3.21
B: 1.79 1.05 2.76 3.03
C. 1.06 1.92 3.18 2.69
D: 1.74 1.81 2.45 2.26
E: 2.34 1.93 1.91 2.20
F: 2.08 2.64 2.39 1.66
G: 2.68 2.60 1.54 1.52
H: 3.50 2.92 0.77 1.90
I: 3.40 3.52 1.32 0.65
